1265677688372981
1309428243957847
1424691956573458
1564387794011546
1755407338959246
1797264706038491
1889648721513108
1964714172339996
2016667562704292
2557525015413783
2561378600790240
2733180625473654
2770563248181166
2776250686252268
3070161997370181
3176231241365226
3373556885453127
3576842689464148
3582586214253616
3626900283918419
3643541056383371
3648938130037906
3829967798148547
3861061614477087
3954017938676112
4376529383284227
4965863415301352
5466959921030664
5565584240086953
6016824282884058
6027868389816445
6325062291257254
6615951519853592
6732624898876186
6754892701466001
6780467665115021
6993197826854215
7006454442235093
7086041450310634
7776432600579853
7943873322265256
8245021576575451
8269287782288071
8289040233535447
8424363069314681
8501505030045566
8556038512094870
8572203233367657
8830407895900010
8844891964972903
8861794797649601
9021162537279138
9023143181408675
9246588239956762
9543717583975271
9782073285455824
9897193486985904
10603000356065300
12716659090688798
14537168005884408
14926794833487870
14960119911546514
15363786889881834
15661237766454164
18914645999024270
20158283871969825
21607648061575347
23723337191958635
24004909670181578
25166683736086446
26784750939856823
26971553358571733
27072658529611276
28817883154193264
28942953528053760
29497613123849602
29999155597307162
30537682324750543
33298042042680365
35761146668571052
35802565107710789
36501787182782791
38462932989877967
39579804797168331
39690644235129423
43772464414592694
44636094759519172
44802654998036591
45641354296332370
46633850793668258
47020839862621054
47439317888082631
47462782982130154
47670656960305345
49644360684813217
50396313191094916
55375516864188024
55523427904276027
57719150466780771
59191389142399028
59536897027991005
63762690717922048
66659909771948654
66961950025529053
68115723062619076
68881213225361939
71099258716091812
71759520166373989
72023620746760628
72305713250029904
72472024783700601
74116654023919505
74183752046882150
75591648952018953
78785174654192358
79126686799242764
82469698370206286
82509923908264819
83430227931681927
86016864798390812
86871114073933888
87241637843453359
88995602682520925
90677451212125372
90986912632019870
91960727814341684
93287884364478332
93336220309413899
94565439111468638
94770792206347951
94827418953083715
96164918298639765
98074270083339950
98081157765847501
104830785359789192
120486759987706800
124086431306687161
124180778733872404
147047285301071413
149032290097997929
203925372931539290
211189099739002911
220052828533655432
229221169371429559
230611585821486691
264130189199859334
274845832085980969
283630885369048714
283698547591334814
290757185870831374
292624633925723004
299287162265456981
316165680921225767
324440713162387770
333487433150833539
336210526340166994
341224284263403226
341365190284388662
397489663088564821
402879194388209906
431961135559521366
452521853496640741
464062098494645367
467394384604064813
483213532520770666
487876018119914829
489635302633420460
509607877754765944
516139908626712956
527480649433813449
538880086082120980
577592385985018742
577596158461641781
594545202491616652
595092699751755410
605829918071162812
631754262877401273
634967200231750440
637305839947975894
640972808794195318
648913819261590375
658192788312360732
673098302147712278
683779388812026845
684078150335573710
704983581536096581
710563037430183557
724708340581484823
730559093355100788
732518032051153124
740683109172986574
747628647769828615
754426624145048171
760855998280382135
764140290323609575
769798377039538566
778524931340772496
782762852200939393
792101729017649581
795874547030561926
803679223388689586
816036715264481430
842022160796339496
861980277594720497
889868258277919208
921099792976282416
926484039588198853
955606559940820361
956578825264812760
982119002585202584
996192649477309725
1004526392834277399
1015040239919850132
1736997892011902151
2146096820814205494
2189132984910004847
2272435616794571804
2401711064171895129
2595452856900972343
2750028294680219112
3046664374625820756
3058940381343687344
3509272648460758353
3571344719496751905
3911210495068325724
4017664729627815392
4052465042892160245
4174361492037337661
4209553362888813025
4286987749433697979
4357254165270445943
4454068069683732417
4463397705537859058
4648456330608009538
4679341184337221414
4833268426114590349
4892147675217458861
4941675164936596669
5228078364705906214
5285829801942584100
5606387071214426001
5785183310221629930
5916005666707498081
6038366706074840073
6127652522964541345
6137408500676086331
6220908395100414798
6300630828115981352
6363267368728940669
6654885502121004211
7050308036734384608
7824666622647799910
8242527016568197007
8354276809683046562
8363796373079000847
8654401972815174416
8674010102373296090
8799450906494561456
8856299250168062835
9032622156539435042
9148106779853820935
9175269578495324704
9511090795221604193
9949786086804049461
10484466844980804642
13896720910888197261
16753271151947562248
18308528487125082415
20133236580821762358
20639642894378598863
21970808131937044799
22169643579299503486
23350451533708822049
23771128389172997013
26332236832242690565
27057600855015843357
27383791688932325514
28418530493281288693
29756748596667134968
33012071189480077875
33701622336774491360
34574640409278532970
35458636912390970441
39201998303517684488
39617585424727520645
39804420466908077995
39810964545143409263
40163192125022534879
41289069871794330239
41464898201420840629
41967146965484648602
42472204477456249825
42574116862761471392
43256162761050311443
43347873416406694180
44618014075753448064
46880547566430832038
47294774333647868255
47716762466853343970
48885731119847398038
49443086350529338980
49460015443174460233
50357318760228189784
51124978853747540456
51919937116744550546
51963399671803945044
53017428022261208309
53616886996915478826
54789079361269327837
55915436002517703840
56096436894477421592
56369082373448657719
57686593410092994374
58167041560828622580
58748285174083034064
59565567497934896596
59608701321128513956
59849034702763184930
60485101287973893199
61267719340457527657
61838680395053042041
61889705792261071645
62635616493246261149
63152216163430079449
64888735356804319910
65175246794607045000
65999168316448169190
66073973012569880116
66209581664666800799
66248323454443069189
67266790933966601281
68522326063129000270
71251352594783477658
71927741437957903781
75499856911812569741
75890740095270765934
78813056695632497537
78875626035850037225
79243702729605511996
82109657250055256469
85585703708838748671
87862244364073533827
89821460405990145683
89824278531423402571
90123005873587644454
91783131125021209427
93321120241928683318
95083988625656170778
95773231906390049121
99751569783273826970
116528663672319250301
127421463053569595095
130938043678439693462
134985992376981295391
140792252727402072634
149955408325347041281
185423755990751425407
187269370051601783534
188564133630542520613
202276296543830900886
206347517349062442610
241863484501686814771
247656603911129433105
269909484645968780254
307900549180080286222
322684349238878204151
346477686147304183819
347364722024709377304
347535295337209143658
361685118373026530970
363951527393521893935
367148910140084262654
374801859560104911357
376696038292621809004
390228692129321117449
393793315433156772326
401650691833989075690
425562946112938367477
440860408109968004784
451062549255998974196
451287635335789000091
456972421664325912176
465767256791495552855
475146850367528505259
494920908945438492173
495132698840814052803
500535935209029831409
524219778891658781469
524887595005733955438
528771008481494323678
533073104156730055390
586692119877025028302
591962767495049808064
622821360424259965507
649500622893759158703
650908877677303674114
658513178386339797312
673874560503746582858
677863500350355005537
680961564493482736504
690310745329866312121
695447146809748175811
714830810342729117356
715312716438303090246
723548567768113113314
745534926772163533603
757817249253466986277
774543127858086830873
781960430303620720542
792844604246844773027
838809700772079351253
848931930100246515434
854562067293915800393
867139966995895205371
878239674518059755630
961488687367411526914
982024313195850182562
997127159414541264512
1104947383759160055347
1157471754050596550450
1257765484341226784740
1683741048730706323213
1707001235700683767824
2010108148931744041058
2038160493418393505765
2122696008412876962403
2231106857784535856905
2422664613795375115245
2806118458245808934768
2933641768886567468761
2973909962132044590831
3070393830854963856533
3149753043752369905927
3194522098653852295407
3442213267629081348592
3501700622142721782327
3575737912729527412294
3629066665012342102535
3828195322644876032374
3865139077445139194710
4016855649752737373915
4149357463068410216119
4285106233491268406871
4386172544659675926064
4452326002322903239254
4458827567170644799602
4808011995949668919098
4812407396166429000336
4824613949373864241852
4890349658150310104101
5103179596600928388781
5162210482113079791458
5193878088874734725792
5199865026557323232805
5413698494460426016048
5436118055960512077060
5463187518077940561041
5482202355414875748079
5536352185196321678391
5797216300324690644812
6032396653456992310355
6113411820623970192989
6239943569223526609605
6489436936605838349748
6562268594464152042344
6563661575465462134855
6712988601050034374024
6761394743127437247318
6938638458789595403710
6990877253104357816432
7076782230011717405583
7309154634799837423113
7894523451443717194264
7908920006129088927576
8005027415298673799251
8006778803683454394491
8060321011120379049168
8073948002048816815126
8110715629560279358423
8216353395236744645387
8483597987597419127064
8541512236770410075348
8605684423374350868478
8659656205084280196367
8906225515199914365669
9029230626658162452830
9316826622246473792378
9351354757077116294949
9358835580822562730184
9569085485751494381215
9765504228958164654660
9790678139412783162136
9944105444738635536821
10775999381000968003034
12515599483911942861396
12744740824103340027816
16981041527008251517921
17103699164957818455305
18229360213149292128975
20160975533240118642634
21601279316261533724935
21667421245721268246904
22164520993947256870281
22696551019163593967281
23853158471856488830663
25846397325852767619013
26011523373318761553631
26081842493376611717215
27652483443703710829387
27862368220644875569400
28721654979960770123536
30079551916506611510721
33264819398394647487412
36173151232739686418047
36274775471807382455080
44074467510899195485581
44656342463902543246811
45113652307660243412749
45166299941593015020533
47649032566983788952463
51744475219806615082029
52077395237477839181871
58124829940461079170458
58578647203835149169820
58684122543958051821293
58832661104873618437255
59495321013805706595755
61447266754716949661029
63993361799474165946897
66218048428327272818998
66353654365269540519304
70642576564652030098496
70699122313213948731145
71302483057680758142332
73120861008547385452256
73178347124135057386976
73279241172181636112504
73675048799944155275286
74312426776939179612864
79666652833490740502994
81421423876730510952496
84984889322146280631326
86837038198540758442285
87400798822932907363086
88806565507173165088040
90767552828050369351790
90797691527098714074534
92745946871788479822923
93061106984373448570741
93699201592852004222652
95186983660058912235318
96077528146581142736829
98641161486293594061446
100082100880650598089872
101240259008427727645665
109606056788999988667419
112112093930837478796894
119501667246730538162248
120201851547346412834460
138387644936602544183909
140673660728012344853339
142883064200817955753535
160863284069063695494366
176171649540349790583832
182856877941301111730802
254181682372375058316817
261778077705809292405732
274599871623822231591977
274864713311514259797663
297103829762012164567300
303259231709888451835113
304726291770274001931789
317178375705545940314958
322492383973969048137878
325356824250737717852479
337161566947462114346864
383123452481465858606153
423715490452193596617902
425811325446919897915596
427499396057274099804532
447509716552473151668059
459212061131357543044295
479618859292372845221965
481046803862063587245206
484920422674873210173406
497975015417962601991197
498639726075934802825102
509649988818817147265823
515291937222575653820945
524938270622009667291412
539250205435626401102991
542455762503544564497810
551501138967261082414894
569229965991025871058380
590885603842309797867434
598610972175494938403259
613515420805325604509717
615182729239828221661754
628413930041324048665695
652218445387653726019848
659025162224597512645380
663312906155951706345340
678061988848431720789440
681652005622716026653378
693725040971718941162388
693878565603480331926623
707768440760064272333890
715750623545011829986319
725713466797435478280730
731873311000194034460122
734551771544205321564094
774088900000291674952290
794951688134447007706990
798367391710042491535042
805467167859882467133232
809993115817269455663690
810660906042014177198822
822514043453234898225988
823241597009271889891048
832327311532529366119243
840223248933448480794864
854650483155742722392516
876951180709525052627940
885208111929516771518804
886569652390616283810384
894172467531940224700058
895472471663418139123018
925597395911428783877724
928347062528336316846144
934468158861936340164989
938264870649294907004179
940442757861116560076035
941887409405321260406808
965843236816994156405194
969993053621125003163823
970935547075130328766779
972604841398922799387773
991654063399450084237555
994241665217206904669692
1180015118206556934712226
1202099225490231091755386
1265875007531830476753577
1417988923547285421311464
1447914915655776661926738
1566589076678737335831008
1723433170468992826856968
1759127765016690056592832
1813983151025193671204386
1900567095670627192043698
1904991734508472011193219
1924300812518224846694427
2014079152618530969005560
2138230030549264669270398
2264628307202912187227506
2335515188977262144527649
2407043297980130782765575
2572909120783517438242857
2667516637769005075371059
2952790741624649421837760
3002784875638329917505522
3083401863874405023926690
3271379079938915514802308
3465977798254197661321111
3493725405356708667220680
3668001383827179631674995
3674649524921434414420742
3808799226514176645765600
3882967233380231962205437
3889505318302026210154739
3913815125092971473050977
3967193982022429381108871
4130270789986568934667386
4156814888306453703525354
4259469924115653736423802
4346324624613901451921970
4737968000041091916927693
4767931663062122289339243
4953492078542077472984664
4985819316097609209781064
5407618960638408362867230
5466702209459036135842393
5539067548301346398635428
5637488493137934453796809
5689434520244344450689208
6325141631332921506409170
6909271097812666894131132
7047026173166567183016318
7135708371940488998248004
7209213501873902572944057
7605197621481402028387779
7659812320054377395762068
7728221831901609270465856
7740602751532756530168756
7805470485903719612814467
7896388450613562115984319
7904614876678729990086514
7921946619934015813514669
7930085846705342935435512
8000804768500153753979241
8029359950455708692291029
8412419970841597986883739
8455256181273406812583714
8573747167838568065236925
8584642910184244236926711
8753769847976813825391191
8907264772561343535766301
9036441929467181153596194
9109787874247899111304388
9118683522526363988953484
9709288463569130997532192
9748952709590891589619275
9762430587517622229894095
9791813650341642387658821
12958764186884213767670398
15536363580450352838141043
16618023332424394506394836
17607804086548495644689682
18043687638376403282517345
18478157241587638600147901
19339387847524571445997774
19815037482817687316757083
21901915185695419573084051
21981943856442035559625860
23927553373022717925785003
24671744089753141421455179
26408750998499290965965856
29667778244767862430179774
30290529026506485971901921
33651220733928466055429596
36881298971442843258957658
40127619859034768202840978
40179570146047792728564606
42664904260508738067584833
43207244520295867328110883
45409197569866993006606808
46172117897330218323223948
49450077405286258769293200
49990587962597751680782243
52639189081962681617056086
53159755333964241967991274
53362027799918117452452612
53755662021831892329581424
54301254414295562810673657
56948312842523043057706789
58106340945108764066566155
59157294588057603249707369
59870049431682021772607215
61439562495238907263606531
61486833132396808121088288
64478135190680293956604013
66203996040393812508710615
67552237241099533351855009
67756658372984132368828978
68174135257759823005700437
69235698029038543937275576
70974393706294798868686451
73442914919506742891139530
73914933736345806430803527
75064339255986624987354793
76421480197151812712654245
78009719579775845565973959
79271769749309635954901424
79706019058791641273342588
84933470382716405962678992
85715315639277569258862858
87691620148122541874641069
88799936754230542072044093
89063867112988407014082559
91724279411391811561201607
91917415696535828025593870
91972122946963075125366481
93038905334560657260984497
97165264792914242192508778
114455587225303408677228874
120475437524984288381899426
151851332194900530259959051
162553884248346472551498630
176062851168262275938611608
181469791824300833359784391
192905811436982798843465134
204844626953757806942609944
250516843284826728800964865
258694723214789010590832287
262561382658187642946997418
293285942061612816684342805
315440696956035593398045649
320615599459768045679341575
322023446032076755606624002
333338545459462839583744389
334585612660151806775875182
341347325784234301366416424
350977627855857155993141614
356987469776177160080246807
387887456497382592896380797
387909221854366752690083561
402529467677509616082505823
414733649854830419613576667
415175801066091717671890931
421471073202404334946916430
433150299627490322993592302
434800690835391759492500569
443159880551386758291365944
450175789572897793246206033
451915915979900882172441066
452701912203782642008651048
454474767436962139140524359
459731570903745865541840238
464780045014107084331699121
472772916917643442429148739
477032217033427286733614480
480994516985493569638819337
489554689711925332738167903
489753836486301002646243010
491496471328326465099875649
491555983960557569693044733
500624680896967470056992327
527561387974386473765065314
533263078617513981284599817
542636847181554214813863180
550032485899416379230572454
553667608281149083019697591
553931438904867748341443071
569395526368993263402472852
575898339248974688585577249
576740016295568369468646208
610555740726245414662845810
623469602988847732771312355
627280352566965593896790387
634136109982874748404707928
649981615619875508490672464
658652025790958030529113644
672462202316233876163279457
674011857338810800077790305
687935540414057764847549282
720646376234489468466479787
723961855375048092106174675
748178680310392084737825443
756076913223842287513445732
759814197736499074976078361
764631753576776002101918776
789144930598020561639753067
790750804489300182257347936
795420661602289118252535697
818367949232235161848719250
823106017544257508756752849
843266016266510711567392952
843433749485680472067177088
864690160808879230557463388
878692644231051405862523177
896413855113044691492464252
911558586944745010735472329
915630759412110591951358217
919901075833330551797320706
940950794317881165259641728
949720451009582925029974926
964237924175182626144855725
988969001481729889137527409
995566297093755248877543279
1089858992403095783166016420
1281891692762677926821975435
1497902919798494348559550177
1789476084171453970668010937
1869399682073015671932280817
1924354414718827493865716154
1930918476179244071624957346
2195467904671017341706952918
2281587364851022124062858559
2291530495913370254093333251
2356594459721841721155189364
2494024646338446371496550732
2918403242307237635618702584
3202651008932202485686150807
3256059997252815692685386923
3352034853674742100459045367
3379403751775741120252460198
3533555994301934523852994820
3598535764821140589996158768
3868331913201607359302833831
4023163786785509082512331282
4420023884999862704229957776
4621617185745191268046552236
4720822224036060504977866985
4882122274085238889860053607
5026547175659419057071777643
5254221602890710032957837699
5351710724904629589550758148
5381538216120297816251167037
5496654376443758874413877721
5582287365639435441790437079
5738293359700296287621685525
5744553955139131762012081565
5838572654794277196663143074
5905758000892005869715983680
6223543035735312391249562417
6253680529992775658669009182
6347077797762575130208059666
6542094959317540051191821227
6602882917498812897181704721
6644349068525897440215784488
6938970362914734240779169661
7233637737317084869659019332
7592701834504230267229691891
7677552872334719998323708061
7907448732598799778959785280
7930895784911223892401919815
8140897081505408519921725044
8170768137251147148272495209
8199028827121409947247050732
8273939763887679614087043268
8377735106059906338109338610
8431676982981659442183383278
8606928740980165417430989202
8786596991777446631911878555
8861675847525047023216483008
9126114267335376515207226809
9516170306220317055097405822
9626260934357684206620431529
9709893516742328942662612191
9861311867198541562242173851
9995798847341173790486294655
10302056234293065010713699008
11243269023939326798350731890
12329698531290475931005000426
12731007373179559683378454642
13152422969195409226549657086
16104559269324676575954854928
16864481622301516847432168321
17077958614994723092976835407
18035954245193108316191034349
18257762882600090374721577236
18788536112873263838683185609
20925518673096272082558166835
21086546653712475564622132958
21183137576579069821289328167
24633569193130089385228054038
25677808557816025758273291709
28868663808911062847550856461
28900365196615318783108963536
28986283499590560134067511228
30469378759272785953189786862
31380435392940403033189696958
32718293676343218172897317790
33090130260821153709759438603
34335849502250814028619784800
36374982789555739534585293709
36551618701225303397288310534
37247557503194498331886554874
38180940657293438882800841344
47904489347123062252267496781
48088529443411639023048094789
49237484320459639568633581568
51069008210117336396454971981
53898123124774361348855318072
54938614682373574880320084881
57201635608138982153310388512
58563072337185894134065597109
58831987599191428028125672999
60941404773117435152659952780
62690332571853132847184369107
64046608318726388313696805251
65513602787420515791690992211
67404937601222503226140303045
68045739750108132314973162535
68204953281737021297931716643
68526375645874077942933765945
70448574665992969545804208866
70487036086860934513443280168
71512647996256156269224946685
72262142624985911920076415651
72585642471596842103984974428
73153530657716229343631612322
74049397103043732093727535622
76866519625353519449132226546
78456890658224324630161962538
78958411752673488384078190522
79012440778235554470329902582
79109687874997281509615112650
80651120469276689501194492239
82107031440637115768124515457
82318555665915561149022028259
82497139653370320993137615752
82728023231108898953695374950
82931545780812663091544094650
83921016809352145395537541611
84104565905729960788201421991
85151707459264229379714203609
85319669289210393258946687242
85818891770527009556278116124
86255994835205024299386096512
86536636252578095142852999100
87540092434976729021683138197
87610056550869810468171689146
89527629366388480311271712962
89732124967895513027041940948
92875347430745207412139840438
92918420092631403960053259133
93097757145700239183076312996
93169880738996782075881476809
95651925762744083764883037838
96839474912506094045018634407
